0,234
0,236
0,235
0,233
0,232
0,231
0,230
0,229
0,228
0,227
0,226
0,225
0,223
0,222
30,4
30,3
30,2
0,221
30,1
30,0
0,218
0,220
0,219
0,217
0,216
0,215
0,214
0,213
0,212
0,211
0,210
0,209
0,207
0,206
29,4
29,3
29,2
0,205
29,1
29,0
0,198
0,302
0,197
0,196
0,195
28,4
28,3
28,2
28,1
28,0
0,62
0,56
0,287
0,55
27,5
27,4
27,3
27,2
27,1
27,0
0,50
0,315
0,278
0,46
0,45
0,2
0,204
0,310
0,203
26,5
26,4
26,3
26,2
0,12
0,319
0,202
26,1
26,0
0,200
0,306
0,199
0,304
0,303
0,300
0,299
25,3
25,2
0,298
25,1
25,0
0,318
0,193
0,317
0,192
0,295
0,293
0,292
24,3
24,2
0,291
24,1
24,0
0,316
0,58
0,57
0,288
0,286
14,3
0,285
13,3
0,272
0,271
23,3
23,2
0,11
0,275
0,276
0,10
0,9
0,284
0,8
23,1
23,0
0,7
3,3
0,51
10,315
0,548
10,314
0,547
0,243
10,313
10,312
0,546
10,311
0,545
10,310
10,309
0,544
11,30
10,308
0,543
10,307
0,542
10,306
0,541
10,305
10,304
8,18
8,17
0,540
10,303
0,539
10,302
10,301
0,538
10,300
11,29
0,537
10,299
10,298
0,536
10,297
0,535
10,296
10,295
0,534
10,294
0,533
10,293
0,532
10,292
10,291
0,531
10,290
0,530
10,289
11,28
10,288
0,529
10,287
0,528
10,286
10,285
0,527
10,284
10,283
0,526
10,282
0,525
10,281
9,7
0,524
10,280
10,279
0,523
10,278
0,522
10,277
10,276
0,521
10,275
0,520
10,274
10,273
0,519
11,27
10,272
0,518
10,271
10,270
0,517
10,269
8,16
0,516
10,268
10,267
0,515
10,266
